          [38;2;27;30;2m▄[0m[38;2;33;36;3m▄[0m[38;2;27;30;2m▄[0m
         [38;2;26;28;2m[48;2;29;32;2m▀[0m[38;2;48;53;4m[48;2;60;66;5m▀[0m[38;2;68;74;6m[48;2;79;87;7m▀[0m[38;2;48;53;4m[48;2;60;66;5m▀[0m[38;2;26;28;2m[48;2;29;32;2m▀[0m
         [38;2;31;34;3m[48;2;32;35;3m▀[0m[38;2;63;69;6m[48;2;67;73;6m▀[0m[38;2;106;116;10m[48;2;132;145;13m▀[0m[38;2;63;69;6m[48;2;67;73;6m▀[0m[38;2;31;34;3m[48;2;32;35;3m▀[0m
         [38;2;34;37;3m[48;2;36;39;3m▀[0m[38;2;70;77;7m[48;2;74;81;7m▀[0m[38;2;212;232;21m[48;2;212;232;21m▀[0m[38;2;70;77;7m[48;2;74;81;7m▀[0m[38;2;34;37;3m[48;2;36;39;3m▀[0m
      [38;2;21;22;22m▄[0m[38;2;31;31;31m▄[0m[38;2;23;23;24m[48;2;42;42;42m▀[0m[38;2;38;42;3m[48;2;52;52;53m▀[0m[38;2;78;86;7m[48;2;67;73;6m▀[0m[38;2;212;232;21m[48;2;212;232;21m▀[0m[38;2;78;86;7m[48;2;67;73;6m▀[0m[38;2;38;42;3m[48;2;52;52;53m▀[0m[38;2;23;23;24m[48;2;42;42;42m▀[0m[38;2;31;31;31m▄[0m[38;2;21;22;22m▄[0m
     [38;2;22;22;23m[48;2;33;34;34m▀[0m[38;2;35;35;36m[48;2;55;55;56m▀[0m[38;2;52;52;53m[48;2;85;85;87m▀[0m[38;2;73;73;74m[48;2;116;116;118m▀[0m[38;2;89;89;90m[48;2;217;218;221m▀[0m[38;2;84;84;85m[48;2;232;233;236m▀[0m[38;2;87;87;88m[48;2;232;233;236m▀[0m[38;2;84;84;85m[48;2;232;233;236m▀[0m[38;2;89;89;90m[48;2;217;218;221m▀[0m[38;2;73;73;74m[48;2;116;116;118m▀[0m[38;2;52;52;53m[48;2;85;85;87m▀[0m[38;2;35;35;36m[48;2;55;55;56m▀[0m[38;2;22;22;23m[48;2;33;34;34m▀[0m
    [38;2;27;27;28m[48;2;35;35;36m▀[0m[38;2;48;48;48m[48;2;63;63;64m▀[0m[38;2;81;81;82m[48;2;84;84;85m▀[0m[38;2;145;145;147m[48;2;232;233;236m▀[0m[38;2;232;233;236m[48;2;145;145;147m▀[0m[38;2;174;174;177m[48;2;86;87;88m▀[0m[38;2;78;78;79m[48;2;63;63;64m▀[0m[38;2;78;78;79m[48;2;55;56;56m▀[0m[38;2;78;78;79m[48;2;63;63;64m▀[0m[38;2;174;174;177m[48;2;86;87;88m▀[0m[38;2;232;233;236m[48;2;145;145;147m▀[0m[38;2;145;145;147m[48;2;232;233;236m▀[0m[38;2;81;81;82m[48;2;84;84;85m▀[0m[38;2;48;48;48m[48;2;63;63;64m▀[0m[38;2;27;27;28m[48;2;35;35;36m▀[0m
   [38;2;22;22;23m[48;2;24;24;25m▀[0m[38;2;42;42;42m[48;2;45;46;46m▀[0m[38;2;77;77;78m[48;2;85;85;87m▀[0m[38;2;159;160;162m[48;2;188;189;191m▀[0m[38;2;217;218;221m[48;2;174;174;177m▀[0m[38;2;89;89;91m[48;2;78;78;79m▀[0m[38;2;55;56;56m[48;2;42;42;43m▀[0m[38;2;36;36;36m[48;2;23;23;24m▀[0m[38;2;29;30;30m▀[0m[38;2;36;36;36m[48;2;23;23;24m▀[0m[38;2;55;56;56m[48;2;42;42;43m▀[0m[38;2;89;89;91m[48;2;78;78;79m▀[0m[38;2;217;218;221m[48;2;174;174;177m▀[0m[38;2;159;160;162m[48;2;188;189;191m▀[0m[38;2;77;77;78m[48;2;85;85;87m▀[0m[38;2;42;42;42m[48;2;45;46;46m▀[0m[38;2;22;22;23m[48;2;24;24;25m▀[0m
   [38;2;24;24;25m[48;2;22;22;23m▀[0m[38;2;45;46;46m[48;2;42;42;42m▀[0m[38;2;85;85;87m[48;2;77;77;78m▀[0m[38;2;188;189;191m[48;2;159;160;162m▀[0m[38;2;174;174;177m[48;2;217;218;221m▀[0m[38;2;78;78;79m[48;2;89;89;91m▀[0m[38;2;42;42;43m[48;2;55;56;56m▀[0m[38;2;23;23;24m[48;2;36;36;36m▀[0m[38;2;29;30;30m▄[0m[38;2;23;23;24m[48;2;36;36;36m▀[0m[38;2;42;42;43m[48;2;55;56;56m▀[0m[38;2;78;78;79m[48;2;89;89;91m▀[0m[38;2;174;174;177m[48;2;217;218;221m▀[0m[38;2;188;189;191m[48;2;159;160;162m▀[0m[38;2;85;85;87m[48;2;77;77;78m▀[0m[38;2;45;46;46m[48;2;42;42;42m▀[0m[38;2;24;24;25m[48;2;22;22;23m▀[0m
    [38;2;35;35;36m[48;2;27;27;28m▀[0m[38;2;63;63;64m[48;2;48;48;48m▀[0m[38;2;84;84;85m[48;2;81;81;82m▀[0m[38;2;232;233;236m[48;2;145;145;147m▀[0m[38;2;145;145;147m[48;2;232;233;236m▀[0m[38;2;86;87;88m[48;2;174;174;177m▀[0m[38;2;63;63;64m[48;2;78;78;79m▀[0m[38;2;55;56;56m[48;2;78;78;79m▀[0m[38;2;63;63;64m[48;2;78;78;79m▀[0m[38;2;86;87;88m[48;2;174;174;177m▀[0m[38;2;145;145;147m[48;2;232;233;236m▀[0m[38;2;232;233;236m[48;2;145;145;147m▀[0m[38;2;84;84;85m[48;2;81;81;82m▀[0m[38;2;63;63;64m[48;2;48;48;48m▀[0m[38;2;35;35;36m[48;2;27;27;28m▀[0m
     [38;2;33;34;34m[48;2;22;22;23m▀[0m[38;2;55;55;56m[48;2;35;35;36m▀[0m[38;2;85;85;87m[48;2;52;52;53m▀[0m[38;2;116;116;118m[48;2;73;73;74m▀[0m[38;2;217;218;221m[48;2;89;89;90m▀[0m[38;2;232;233;236m[48;2;84;84;85m▀[0m[38;2;232;233;236m[48;2;87;87;88m▀[0m[38;2;232;233;236m[48;2;84;84;85m▀[0m[38;2;217;218;221m[48;2;89;89;90m▀[0m[38;2;116;116;118m[48;2;73;73;74m▀[0m[38;2;85;85;87m[48;2;52;52;53m▀[0m[38;2;55;55;56m[48;2;35;35;36m▀[0m[38;2;33;34;34m[48;2;22;22;23m▀[0m
      [38;2;21;22;22m▀[0m[38;2;31;31;31m▀[0m[38;2;42;42;42m[48;2;23;23;24m▀[0m[38;2;52;52;53m[48;2;38;42;3m▀[0m[38;2;67;73;6m[48;2;78;86;7m▀[0m[38;2;212;232;21m[48;2;212;232;21m▀[0m[38;2;67;73;6m[48;2;78;86;7m▀[0m[38;2;52;52;53m[48;2;38;42;3m▀[0m[38;2;42;42;42m[48;2;23;23;24m▀[0m[38;2;31;31;31m▀[0m[38;2;21;22;22m▀[0m
         [38;2;36;39;3m[48;2;34;37;3m▀[0m[38;2;74;81;7m[48;2;70;77;7m▀[0m[38;2;212;232;21m[48;2;212;232;21m▀[0m[38;2;74;81;7m[48;2;70;77;7m▀[0m[38;2;36;39;3m[48;2;34;37;3m▀[0m
         [38;2;32;35;3m[48;2;31;34;3m▀[0m[38;2;67;73;6m[48;2;63;69;6m▀[0m[38;2;132;145;13m[48;2;106;116;10m▀[0m[38;2;67;73;6m[48;2;63;69;6m▀[0m[38;2;32;35;3m[48;2;31;34;3m▀[0m
         [38;2;29;32;2m[48;2;26;28;2m▀[0m[38;2;60;66;5m[48;2;48;53;4m▀[0m[38;2;79;87;7m[48;2;68;74;6m▀[0m[38;2;60;66;5m[48;2;48;53;4m▀[0m[38;2;29;32;2m[48;2;26;28;2m▀[0m
          [38;2;27;30;2m▀[0m[38;2;33;36;3m▀[0m[38;2;27;30;2m▀[0m
